 Year          Age         mx       qx    ax      lx      dx      Lx       Tx     ex
  2015           0      0.00326  0.00325  0.14  100000     325   99721  8513655  85.14
  2015           1      0.00023  0.00023  0.50   99675      23   99663  8413933  84.41
  2015           2      0.00012  0.00012  0.50   99652      12   99646  8314270  83.43
  2015           3      0.00014  0.00014  0.50   99640      13   99633  8214624  82.44
  2015           4      0.00008  0.00008  0.50   99626       8   99622  8114991  81.45
  2015           5      0.00007  0.00007  0.50   99618       7   99615  8015369  80.46
  2015           6      0.00008  0.00008  0.50   99611       8   99607  7915754  79.47
  2015           7      0.00007  0.00007  0.50   99603       7   99600  7816147  78.47
  2015           8      0.00006  0.00006  0.50   99597       6   99593  7716547  77.48
  2015           9      0.00006  0.00006  0.50   99590       6   99587  7616954  76.48
  2015          10      0.00007  0.00007  0.50   99584       7   99581  7517367  75.49
  2015          11      0.00006  0.00006  0.50   99577       6   99574  7417786  74.49
  2015          12      0.00008  0.00008  0.50   99571       8   99567  7318212  73.50
  2015          13      0.00008  0.00008  0.50   99563       8   99559  7218644  72.50
  2015          14      0.00010  0.00010  0.50   99555      10   99550  7119085  71.51
  2015          15      0.00015  0.00015  0.50   99545      14   99538  7019535  70.52
  2015          16      0.00016  0.00016  0.50   99530      16   99523  6919997  69.53
  2015          17      0.00013  0.00013  0.50   99515      12   99509  6820474  68.54
  2015          18      0.00022  0.00022  0.50   99502      21   99492  6720966  67.55
  2015          19      0.00019  0.00019  0.50   99481      19   99472  6621474  66.56
  2015          20      0.00023  0.00023  0.50   99462      23   99451  6522003  65.57
  2015          21      0.00022  0.00022  0.50   99440      22   99429  6422552  64.59
  2015          22      0.00018  0.00018  0.50   99418      18   99409  6323123  63.60
  2015          23      0.00022  0.00022  0.50   99400      22   99389  6223714  62.61
  2015          24      0.00023  0.00023  0.50   99378      23   99366  6124326  61.63
  2015          25      0.00024  0.00024  0.50   99355      24   99343  6024959  60.64
  2015          26      0.00021  0.00021  0.50   99331      21   99320  5925616  59.66
  2015          27      0.00024  0.00024  0.50   99310      24   99298  5826296  58.67
  2015          28      0.00024  0.00024  0.50   99286      24   99274  5726999  57.68
  2015          29      0.00031  0.00031  0.50   99262      31   99247  5627725  56.70
  2015          30      0.00027  0.00027  0.50   99231      26   99218  5528478  55.71
  2015          31      0.00037  0.00037  0.50   99205      36   99186  5429260  54.73
  2015          32      0.00034  0.00034  0.50   99168      33   99151  5330074  53.75
  2015          33      0.00037  0.00037  0.50   99135      37   99116  5230922  52.77
  2015          34      0.00037  0.00037  0.50   99098      36   99080  5131806  51.79
  2015          35      0.00040  0.00040  0.50   99062      40   99042  5032726  50.80
  2015          36      0.00054  0.00054  0.50   99022      54   98995  4933684  49.82
  2015          37      0.00054  0.00054  0.50   98968      53   98942  4834689  48.85
  2015          38      0.00063  0.00063  0.50   98915      62   98884  4735747  47.88
  2015          39      0.00066  0.00066  0.50   98853      65   98821  4636863  46.91
  2015          40      0.00074  0.00074  0.50   98788      73   98752  4538042  45.94
  2015          41      0.00082  0.00082  0.50   98715      81   98675  4439290  44.97
  2015          42      0.00087  0.00087  0.50   98634      86   98591  4340616  44.01
  2015          43      0.00109  0.00109  0.50   98549     107   98495  4242024  43.05
  2015          44      0.00111  0.00111  0.50   98441     109   98386  4143530  42.09
  2015          45      0.00126  0.00126  0.50   98332     124   98270  4045143  41.14
  2015          46      0.00140  0.00140  0.50   98208     138   98139  3946873  40.19
  2015          47      0.00160  0.00160  0.50   98070     157   97991  3848735  39.24
  2015          48      0.00182  0.00182  0.50   97913     178   97824  3750743  38.31
  2015          49      0.00175  0.00175  0.50   97735     171   97649  3652920  37.38
  2015          50      0.00214  0.00214  0.50   97564     208   97459  3555271  36.44
  2015          51      0.00235  0.00234  0.50   97355     228   97241  3457811  35.52
  2015          52      0.00231  0.00231  0.50   97127     224   97015  3360570  34.60
  2015          53      0.00267  0.00267  0.50   96903     259   96774  3263555  33.68
  2015          54      0.00294  0.00294  0.50   96644     284   96502  3166781  32.77
  2015          55      0.00313  0.00313  0.50   96360     301   96209  3070279  31.86
  2015          56      0.00335  0.00335  0.50   96058     321   95898  2974070  30.96
  2015          57      0.00362  0.00362  0.50   95737     346   95564  2878172  30.06
  2015          58      0.00377  0.00376  0.50   95391     359   95211  2782608  29.17
  2015          59      0.00419  0.00418  0.50   95032     398   94833  2687397  28.28
  2015          60      0.00437  0.00436  0.50   94634     413   94428  2592564  27.40
  2015          61      0.00462  0.00461  0.50   94221     434   94004  2498136  26.51
  2015          62      0.00486  0.00485  0.50   93787     455   93560  2404132  25.63
  2015          63      0.00537  0.00535  0.50   93332     500   93082  2310573  24.76
  2015          64      0.00563  0.00562  0.50   92833     522   92572  2217491  23.89
  2015          65      0.00616  0.00614  0.50   92311     567   92028  2124919  23.02
  2015          66      0.00632  0.00630  0.50   91744     578   91455  2032891  22.16
  2015          67      0.00678  0.00676  0.50   91166     616   90858  1941436  21.30
  2015          68      0.00738  0.00735  0.50   90550     665   90217  1850578  20.44
  2015          69      0.00817  0.00814  0.50   89884     731   89519  1760361  19.58
  2015          70      0.00889  0.00886  0.50   89153     789   88758  1670842  18.74
  2015          71      0.01000  0.00995  0.50   88364     879   87924  1582084  17.90
  2015          72      0.01082  0.01076  0.50   87484     941   87014  1494160  17.08
  2015          73      0.01203  0.01196  0.50   86543    1035   86026  1407146  16.26
  2015          74      0.01302  0.01293  0.50   85508    1106   84955  1321120  15.45
  2015          75      0.01488  0.01477  0.50   84402    1247   83779  1236165  14.65
  2015          76      0.01700  0.01686  0.50   83156    1402   82455  1152386  13.86
  2015          77      0.01831  0.01814  0.50   81754    1483   81012  1069931  13.09
  2015          78      0.02046  0.02025  0.50   80270    1625   79458   988919  12.32
  2015          79      0.02349  0.02322  0.50   78645    1826   77732   909461  11.56
  2015          80      0.02730  0.02693  0.50   76819    2069   75784   831729  10.83
  2015          81      0.03270  0.03218  0.50   74750    2405   73547   755945  10.11
  2015          82      0.03672  0.03605  0.50   72344    2608   71040   682398   9.43
  2015          83      0.04246  0.04158  0.50   69736    2900   68286   611358   8.77
  2015          84      0.04996  0.04875  0.50   66836    3258   65207   543072   8.13
  2015          85      0.05762  0.05601  0.50   63578    3561   61798   477864   7.52
  2015          86      0.06861  0.06633  0.50   60017    3981   58027   416066   6.93
  2015          87      0.07958  0.07654  0.50   56036    4289   53892   358040   6.39
  2015          88      0.09152  0.08751  0.50   51747    4529   49483   304148   5.88
  2015          89      0.10911  0.10347  0.50   47219    4886   44776   254665   5.39
  2015          90      0.12826  0.12053  0.50   42333    5102   39782   209889   4.96
  2015          91      0.14566  0.13577  0.50   37231    5055   34704   170107   4.57
  2015          92      0.16129  0.14925  0.50   32176    4802   29775   135403   4.21
  2015          93      0.18721  0.17119  0.50   27374    4686   25031   105628   3.86
  2015          94      0.20847  0.18879  0.50   22688    4283   20546    80598   3.55
  2015          95      0.23457  0.20994  0.50   18404    3864   16472    60052   3.26
  2015          96      0.26418  0.23336  0.50   14541    3393   12844    43579   3.00
  2015          97      0.29609  0.25791  0.50   11147    2875    9710    30735   2.76
  2015          98      0.33012  0.28335  0.50    8272    2344    7100    21025   2.54
  2015          99      0.36603  0.30941  0.50    5928    1834    5011    13925   2.35
  2015         100      0.40350  0.33576  0.50    4094    1375    3407     8913   2.18
  2015         101      0.44212  0.36208  0.50    2719     985    2227     5507   2.02
  2015         102      0.48146  0.38805  0.50    1735     673    1398     3280   1.89
  2015         103      0.52103  0.41335  0.50    1062     439     842     1881   1.77
  2015         104      0.56034  0.43771  0.50     623     273     487     1039   1.67
  2015         105      0.59890  0.46089  0.50     350     161     269      553   1.58
  2015         106      0.63628  0.48271  0.50     189      91     143      283   1.50
  2015         107      0.67208  0.50304  0.50      98      49      73      140   1.43
  2015         108      0.70599  0.52180  0.50      49      25      36       67   1.38
  2015         109      0.73775  0.53895  0.50      23      13      17       31   1.33
  2015         110+     0.76722  1.00000  1.30      11      11      14       14   1.30