"Age" "mx" "qx" "px" "lx" "dx" "Lx" "Tx" "ex"
0 0.00262 0.00261413479751926 0.997385865202481 1e+05 261.413479751926 99776.1373098953 8564027.6818425 85.640276818425
1 0.000183 0.000182983257031982 0.999817016742968 99738.5865202481 18.2504914132411 99729.4612745415 8464251.54453261 84.8643623279569
2 0.000138 0.000137990478656973 0.999862009521343 99720.3360288348 13.7604569004531 99713.4558003846 8364522.08325807 83.8798024190312
3 7.8e-05 7.79969581186334e-05 0.999922003041881 99706.5755719344 7.77680959903652 99702.6871671348 8264808.62745768 82.8913096257623
4 0.000103 0.000102994695773168 0.999897005304227 99698.7987623354 10.268447447477 99693.6645386116 8165105.94029055 81.8977363985573
5 8.6e-05 8.59963021590072e-05 0.999914003697841 99688.5303148879 8.57284497474644 99684.2438924005 8065412.27575194 80.9061207972029
6 4.1e-05 4.09991595172299e-05 0.999959000840483 99679.9574699131 4.08679447697966 99677.9140726746 7965728.03185954 79.913036020946
7 8.3e-05 8.29965556429408e-05 0.999917003444357 99675.8706754361 8.27275394677241 99671.7342984627 7866050.11778686 78.9162920221709
8 6.7e-05 6.69977555751882e-05 0.999933002244425 99667.5979214894 6.67750536431008 99664.2591688072 7766378.3834884 77.9228008445249
9 4.7e-05 4.69988955259551e-05 0.999953001104474 99660.9204161251 4.68395318665799 99658.5784395317 7666714.12431959 76.9279883459628
10 6.1e-05 6.09981395567435e-05 0.999939001860443 99656.2364629384 6.07884501946615 99653.1970404287 7567055.54588006 75.9315805458317
11 8e-05 7.99968001279949e-05 0.999920003199872 99650.1576179189 7.97169374168385 99646.1717710481 7467402.34883963 74.9361820125898
12 8.7e-05 8.69962156646186e-05 0.999913003784335 99642.1859241772 8.66849309595375 99637.8516776293 7367756.17706858 73.9421371453561
13 8.7e-05 8.69962156646186e-05 0.999913003784335 99633.5174310813 8.66773896985888 99629.1835615964 7268118.32539095 72.9485268892416
14 0.000111 0.000110993839841889 0.999889006160158 99624.8496921114 11.0577446109985 99619.3208198059 7168489.14182936 71.9548301852743
15 6.7e-05 6.69977555751882e-05 0.999933002244425 99613.7919475004 6.67390048481629 99610.454997258 7068869.82100955 70.9627621116468
16 0.000126 0.000125992062500063 0.9998740079375 99607.1180470156 12.5497062424307 99600.8431938944 6969259.36601229 69.9674832748672
17 9.6e-05 9.59953922211734e-05 0.999904004607779 99594.5683407732 9.56061965097098 99589.7880309477 6869658.5228184 68.9762367292275
18 0.000126 0.000125992062500063 0.9998740079375 99585.0077211222 12.5469205168688 99578.7342608638 6770068.73478745 67.9828107635072
19 0.000159 0.00015898736050484 0.999841012639495 99572.4608006053 15.8307627216599 99564.5454192445 6670490.00052659 66.9913141333757
20 0.000157 0.000156987676467397 0.999843012323533 99556.6300378837 15.6291640265717 99548.8154558704 6570925.45510734 66.0018870928732
21 0.000172 0.000171985209272003 0.999828014790728 99541.0008738571 17.1195798664349 99532.4410839239 6471376.63965147 65.0121716964881
22 0.000156 0.00015598783294903 0.999844012167051 99523.8812939907 15.5245145697261 99516.1190367058 6371844.19856755 64.023268744366
23 0.000187 0.000186982517134648 0.999813017482865 99508.356779421 18.6063230265487 99499.0536179077 6272328.07953084 63.0331791473016
24 0.000123 0.000122992435965188 0.999877007564035 99489.7504563944 12.2364867622006 99483.6322130133 6172829.02591294 62.0448739452657
25 0.000155 0.000154987988430897 0.999845012011569 99477.5139696322 15.4178197842597 99469.8050597401 6073345.39369992 61.0524444303458
26 0.000151 0.000150988600360673 0.999849011399639 99462.0961498479 15.0176426866042 99454.5873285046 5973875.58864018 60.0618307866752
27 0.000167 0.000166986056664269 0.999833013943336 99447.0785071613 16.6062754866928 99438.775369418 5874421.00131168 59.0708253022099
28 0.000174 0.000173984863316891 0.999826015136683 99430.4722316746 17.2993971207619 99421.8225331142 5774982.22594226 58.0806074468444
29 0.000175 0.000174984688839727 0.99982501531116 99413.1728345539 17.3957831150244 99404.4749429964 5675560.40340914 57.0906273442712
30 0.000212 0.00021197753038178 0.999788022469618 99395.7770514389 21.069671349742 99385.242215764 5576155.92846615 56.1005315706763
31 0.000236 0.000235972155285676 0.999764027844714 99374.7073800891 23.449663881363 99362.9825481484 5476770.68625038 55.1123201329569
32 0.000231 0.000230973322581242 0.999769026677419 99351.2577162078 22.9474900973378 99339.7839711591 5377407.70370224 54.1252101615316
33 0.000291 0.000290957665659647 0.99970904233434 99328.3102261104 28.9003332773063 99313.8600594718 5278067.91973108 53.1375990159916
34 0.000292 0.000291957374223363 0.999708042625777 99299.4098928331 28.991194974241 99284.914295346 5178754.05967161 52.1529187863319
35 0.000296 0.000295956198482625 0.999704043801517 99270.4186978589 29.3796957395968 99255.7288499891 5079469.14537626 51.1680036410063
36 0.000333 0.000332944564729972 0.99966705543527 99241.0390021193 33.0417645339108 99224.5181198523 4980213.41652627 50.1830035900765
37 0.00039 0.000389923964826859 0.999610076035173 99207.9972375853 38.6835756254113 99188.6554497726 4880988.89840642 49.19955078538
38 0.00047 0.000469889575949652 0.99953011042405 99169.3136619599 46.5986267438364 99146.014348588 4781800.24295665 48.2185473145095
39 0.000461 0.000460893763987401 0.999539106236013 99122.7150352161 45.6850412292313 99099.8725146015 4682654.22860806 47.2409803034997
40 0.000565 0.000564840432577797 0.999435159567422 99077.0299939869 55.9627124803269 99049.0486377467 4583554.35609346 46.2625328632846
41 0.000601 0.000600819453754147 0.999399180546246 99021.0672815065 59.4937835542274 98991.3203897294 4484505.30745571 45.2883960006887
42 0.000712 0.000711746618203919 0.999288253381796 98961.5734979523 70.4355652693062 98926.3557153177 4385513.98706598 44.3153219179233
43 0.000777 0.000776698252728815 0.999223301747271 98891.137932683 76.8085740426791 98852.7336456617 4286587.63135066 43.3465295370412
44 0.000935 0.000934563091754605 0.999065436908245 98814.3293586403 92.3482251550687 98768.1552460628 4187734.897705 42.3798342293645
45 0.00113 0.00112936191052056 0.998870638089479 98721.9811334853 111.492845223287 98666.2347108736 4088966.74245894 41.4190101891301
46 0.001042 0.00104145740069424 0.998958542599306 98610.488288262 102.698622813883 98559.138976855 3990300.50774806 40.4652748101547
47 0.001202 0.00120127803190283 0.998798721968097 98507.7896654481 118.335243696407 98448.6220435999 3891741.36877121 39.506940334245
48 0.001308 0.00130714512708689 0.998692854872913 98389.4544217517 128.60929590413 98325.1497737996 3793292.74672761 38.553854872164
49 0.001462 0.00146093205866512 0.998539067941335 98260.8451258475 143.552418755879 98189.0689164696 3694967.59695381 37.6036618881252
50 0.001581 0.00157975120667113 0.998420248793329 98117.2927070917 155.000911549332 98039.792251317 3596778.52803734 36.6579471243133
51 0.001727 0.00172551002209592 0.998274489977904 97962.2917955423 169.034916280693 97877.774337402 3498738.73578602 35.7151580639647
52 0.001875 0.00187324383390571 0.998126756166094 97793.2568792617 183.190615446634 97701.6615715383 3400860.96144862 34.7760272024422
53 0.00207 0.00206785976514308 0.997932140234857 97610.066263815 201.843928699893 97509.1442994651 3303159.29987708 33.840355060814
54 0.002346 0.00234325136614751 0.997656748633852 97408.2223351151 228.251950060759 97294.0963600847 3205650.15557762 32.9094410998403
55 0.002485 0.00248191621909777 0.997518083780902 97179.9703850543 241.192544670107 97059.3741127193 3108356.05921753 31.9855629395785
56 0.002718 0.00271431125100988 0.99728568874899 96938.7778403842 263.122015351302 96807.2168327086 3011296.68510481 31.0639018996413
57 0.002867 0.00286289603852877 0.997137103961471 96675.6558250329 276.772352083657 96537.2696489911 2914489.46827211 30.147087634418
58 0.003153 0.00314803711948114 0.996851962880519 96398.8834729493 303.467263449381 96247.1498412246 2817952.19862311 29.2322078545014
59 0.003298 0.00329257055116114 0.996707429448839 96095.4162094999 316.400937512972 95937.2157407434 2721705.04878189 28.3229435506917
60 0.003551 0.00354470637383326 0.996455293626167 95779.0152719869 339.508485914085 95609.2610290299 2625767.83304115 27.4148551807999
61 0.003909 0.00390137476302567 0.996098625236974 95439.5067860728 372.345283170801 95253.3341444874 2530158.57201212 26.5105998261648
62 0.004109 0.00410057536790664 0.995899424632093 95067.161502902 389.830060755602 94872.2464725242 2434905.23786763 25.6124743746904
63 0.004186 0.0041772570010967 0.995822742998903 94677.3314421464 395.491545611859 94479.5856693405 2340032.9913951 24.715873966357
64 0.004536 0.00452573563158756 0.995474264368412 94281.8398965346 426.69468223138 94068.4925554189 2245553.40572576 23.8174542222558
65 0.004927 0.00491489216315607 0.995085107836844 93855.1452143032 461.287917685653 93624.5012554604 2151484.91317035 22.9234626216578
66 0.005306 0.00529196042898191 0.994708039571018 93393.8572966175 494.236597123684 93146.7389980557 2057860.41191488 22.0342158626038
67 0.00588 0.00586276347538238 0.994137236524618 92899.6206994939 544.648503113869 92627.2964479369 1964713.67291683 21.14878035156
68 0.006477 0.00645609194623213 0.993543908053768 92354.97219638 596.252192191541 92056.8461002842 1872086.37646889 20.2705531921786
69 0.007252 0.00722579925191257 0.992774200748087 91758.7200041884 663.030090362719 91427.2049590071 1780029.53036861 19.3990231150495
70 0.008298 0.00826371385123124 0.991736286148769 91095.6899138257 752.788714528348 90719.2955565616 1688602.3254096 18.5365776032541
71 0.00894 0.00890021603432656 0.991099783965673 90342.9011992974 804.071337841567 89940.8655303766 1597883.02985304 17.6868686818911
72 0.009897 0.00984826585640956 0.99015173414359 89538.8298614558 881.80220094744 89097.9287609821 1507942.16432266 16.8412091899784
73 0.010969 0.0109091686644598 0.98909083133554 88657.0276605084 967.174468038161 88173.4404264893 1418844.23556168 16.0037424330851
74 0.012679 0.0125991278291272 0.987400872170873 87689.8531924702 1104.81566968933 87137.4453576255 1330670.79513519 15.1747408245114
75 0.015126 0.0150124607592776 0.984987539240722 86585.0375227809 1299.85447815133 85935.1102837052 1243533.34977757 14.3619889227441
76 0.016836 0.0166954576376066 0.983304542362393 85285.1830446296 1423.87516063714 84573.245464311 1157598.23949386 13.5732632348117
77 0.018872 0.0186955884275972 0.981304411572403 83861.3078839924 1567.83649719913 83077.3896353929 1073024.99402955 12.7952332381209
78 0.022037 0.0217968316108954 0.978203168389105 82293.4713867933 1793.73693849397 81396.6029175463 989947.604394157 12.0294792249222
79 0.025497 0.0251760432130978 0.974823956786902 80499.7344482993 2026.66479311328 79486.4020517427 908551.00147661 11.2863850757188
80 0.030677 0.0302135691692967 0.969786430830703 78473.069655186 2370.951517954 77287.593896209 829064.599424868 10.5649569090111
81 0.034518 0.0339323613750284 0.966067638624972 76102.118137232 2582.32457403766 74810.9558502132 751777.005528659 9.87852932257428
82 0.040727 0.0399142070448424 0.960085792955158 73519.7935631944 2934.48426217541 72052.5514321067 676966.049678445 9.20794274397078
83 0.047384 0.0462873598699609 0.953712640130039 70585.3093010189 3267.20761314876 68951.7054944446 604913.498246339 8.56996313024028
84 0.055784 0.0542702929879793 0.945729707012021 67318.1016878702 3653.3731019953 65491.4151368725 535961.792751894 7.96162962581678
85 0.064224 0.0622258049514006 0.937774195048599 63664.7285858749 3961.58898326851 61683.9340942406 470470.377615022 7.38981203666677
86 0.073851 0.0712211243720017 0.928778875627998 59703.1396026064 4252.12473103621 57577.0772370883 408786.443520781 6.84698403202459
87 0.086967 0.0833429565489057 0.916657043451094 55451.0148715702 4621.451523034 53140.2891100532 351209.366283693 6.33368689639183
88 0.099543 0.0948234925409958 0.905176507459004 50829.5633485362 4819.83672104199 48419.6449880152 298069.077173639 5.86408887933568
89 0.114219 0.10804840936535 0.89195159063465 46009.7266274942 4971.27777743532 43524.0877387765 249649.432185624 5.42601424709271
90 0.131279 0.123192693213793 0.876807306786207 41038.4488500589 5055.63703915525 38510.6303304812 206125.344446848 5.02273721894223
91 0.148564 0.138291435582091 0.861708564417909 35982.8118109036 4976.11470161009 33494.7544600986 167614.714116367 4.65818833161825
92 0.161661 0.149571093709883 0.850428906290117 31006.6971092935 4637.70559896811 28687.8443098095 134119.959656268 4.32551584528713
93 0.185925 0.170111051385569 0.829888948614431 26368.9915103254 4485.6568697986 24126.1630754261 105432.115346459 3.99833703557354
94 0.204846 0.185814338053542 0.814185661946458 21883.3346405268 4066.23734063364 19850.21597021 81305.9522710324 3.71542790925739
95 0.227835 0.204534895986462 0.795465104013538 17817.0972998932 3644.21814301433 15994.988228386 61455.7363008224 3.44925636687132
96 0.251084 0.223078303608395 0.776921696391605 14172.8791568789 3161.66183956331 12592.0482370972 45460.7480724364 3.20758736240066
97 0.27897 0.244821125332935 0.755178874667064 11011.2173173155 2695.7786149107 9663.32800986019 32868.6998353392 2.98501962936032
98 0.30303 0.263157666204956 0.736842333795044 8315.43870240484 2188.27144239523 7221.30298120723 23205.371825479 2.79063710959326
99 0.333532 0.285860232471635 0.714139767528365 6127.16726000962 1751.51345733894 5251.41053134015 15984.0688442717 2.60872082741979
100 0.362817 0.307105459288637 0.692894540711363 4375.65380267067 1343.78717075725 3703.76021729205 10732.6583129316 2.45281249315952
101 0.369377 0.311792509170132 0.688207490829868 3031.86663191342 945.313304633484 2559.20997959668 7028.89809563955 2.31834013463962
102 0.42048 0.347435219460603 0.652564780539397 2086.55332727994 724.942113179757 1724.08227069006 4469.68811604287 2.14213941125081
103 0.454564 0.370382683034543 0.629617316965457 1361.61121410018 504.317214728348 1109.45260673601 2745.60584535281 2.01643891950995
104 0.474189 0.383308631636468 0.616691368363532 857.293999371836 328.608189809373 692.989904467149 1636.1532386168 1.90850891271332
105 0.499492 0.399674813922189 0.600325186077811 528.685809562463 211.302402560179 423.034608282373 943.163334149647 1.78397701827897
106 0.543409 0.427307601726659 0.572692398273341 317.383407002284 135.620342473982 249.573235765293 520.128725867274 1.63880251579608
107 0.609191 0.46695776583623 0.53304223416377 181.763064528302 84.8756745236824 139.325227266461 270.555490101981 1.48850642898274
108 0.652482 0.491978456404228 0.508021543595772 96.8873900046193 47.6665085795071 73.0541357148658 131.230262835521 1.35446173985349
109 0.563653 0.439726437236241 0.560273562763759 49.2208814251123 21.6437228266921 38.3990200117662 58.176127120655 1.18193997011548
110 1.394398 1 0 27.5771585984202 27.5771585984202 19.7771071088887 19.7771071088887 0.717155360234309
